20 20
0 0 1; 40450 2442.58 -704200; 47950 2463.371 -704200; 47950 2449.478 -699200; 40450 2473.418 -699200
0 1 1; 40450 2473.418 -699200; 47950 2449.478 -699200; 47950 2437.595 -694200; 40450 2465.222 -694200
0 2 1; 40450 2465.222 -694200; 47950 2437.595 -694200; 47950 2428.452 -689200; 40450 2455.57 -689200
0 3 1; 40450 2455.57 -689200; 47950 2428.452 -689200; 47950 2421.437 -684200; 40450 2436.018 -684200
0 4 1; 40450 2436.018 -684200; 47950 2421.437 -684200; 47950 2408.578 -679200; 40450 2420.948 -679200
0 5 1; 40450 2440.042 -679200; 47950 2433.338 -679200; 47950 2382.418 -674200; 40450 2418.604 -674200
0 6 1; 40450 2418.604 -674200; 47950 2382.418 -674200; 47950 2354.245 -669200; 40450 2396.846 -669200
0 7 1; 40450 2396.846 -669200; 47950 2354.245 -669200; 47950 2351.695 -664200; 40450 2380.248 -664200
0 8 1; 40450 2380.248 -664200; 47950 2351.695 -664200; 47950 2350.744 -659200; 40450 2370.451 -659200
0 9 1; 40450 2370.451 -659200; 47950 2350.744 -659200; 47950 2349.809 -654200; 40450 2369.49 -654200
0 10 1; 40450 2369.49 -654200; 47950 2349.809 -654200; 47950 2349.574 -649200; 40450 2369.458 -649200
0 11 1; 40450 2369.458 -649200; 47950 2349.574 -649200; 47950 2350.25 -644200; 40450 2370.18 -644200
0 12 1; 40450 2370.18 -644200; 47950 2350.25 -644200; 47950 2351.428 -639200; 40450 2371.471 -639200
0 13 1; 40450 2371.471 -639200; 47950 2351.428 -639200; 47950 2351.456 -634200; 40450 2385.966 -634200
0 14 1; 40450 2385.966 -634200; 47950 2351.456 -634200; 47950 2350.977 -629200; 40450 2405.13 -629200
0 15 1; 40450 2405.13 -629200; 47950 2350.977 -629200; 47950 2356.2 -624200; 40450 2425.744 -624200
0 16 1; 40450 2425.744 -624200; 47950 2356.2 -624200; 47950 2372.957 -619200; 40450 2446.18 -619200
0 17 1; 40450 2446.18 -619200; 47950 2372.957 -619200; 47950 2398.078 -614200; 40450 2467.102 -614200
0 18 1; 40450 2467.102 -614200; 47950 2398.078 -614200; 47950 2431.072 -609200; 40450 2495.542 -609200
0 19 1; 40450 2495.542 -609200; 47950 2431.072 -609200; 47950 2459.171 -604200; 40450 2507.359 -604200
1 0 1; 47950 2463.371 -704200; 55450 2443.312 -704200; 55450 2429.114 -699200; 47950 2449.478 -699200
1 1 1; 47950 2449.478 -699200; 55450 2429.114 -699200; 55450 2421.715 -694200; 47950 2437.595 -694200
1 2 1; 47950 2437.595 -694200; 55450 2421.715 -694200; 55450 2410.908 -689200; 47950 2428.452 -689200
1 3 1; 47950 2428.452 -689200; 55450 2410.908 -689200; 55450 2393.256 -684200; 47950 2421.437 -684200
1 4 1; 47950 2421.437 -684200; 55450 2393.256 -684200; 55450 2369.171 -679200; 47950 2408.578 -679200
1 5 1; 47950 2408.578 -679200; 55450 2369.171 -679200; 55450 2349.261 -674200; 47950 2384.637 -674200
1 6 1; 47950 2384.637 -674200; 55450 2349.261 -674200; 55450 2336.295 -669200; 47950 2358.525 -669200
1 7 1; 47950 2354.245 -669200; 55450 2354.045 -669200; 55450 2345.033 -664200; 47950 2351.695 -664200
1 8 1; 47950 2351.695 -664200; 55450 2345.033 -664200; 55450 2337.198 -659200; 47950 2350.744 -659200
1 9 1; 47950 2350.744 -659200; 55450 2337.198 -659200; 55450 2330.128 -654200; 47950 2349.809 -654200
1 10 1; 47950 2349.809 -654200; 55450 2330.128 -654200; 55450 2328.975 -649200; 47950 2349.574 -649200
1 11 1; 47950 2349.574 -649200; 55450 2328.975 -649200; 55450 2329.327 -644200; 47950 2350.25 -644200
1 12 1; 47950 2350.25 -644200; 55450 2329.327 -644200; 55450 2330.921 -639200; 47950 2351.428 -639200
1 13 1; 47950 2351.428 -639200; 55450 2330.921 -639200; 55450 2334.086 -634200; 47950 2351.456 -634200
1 14 1; 47950 2351.456 -634200; 55450 2334.086 -634200; 55450 2338.602 -629200; 47950 2350.977 -629200
1 15 1; 47950 2350.977 -629200; 55450 2338.602 -629200; 55450 2343.237 -624200; 47950 2356.2 -624200
1 16 1; 47950 2356.2 -624200; 55450 2343.237 -624200; 55450 2342.575 -619200; 47950 2372.957 -619200
1 17 1; 47950 2372.957 -619200; 55450 2342.575 -619200; 55450 2355.026 -614200; 47950 2398.078 -614200
1 18 1; 47950 2398.078 -614200; 55450 2355.026 -614200; 55450 2383.243 -609200; 47950 2431.072 -609200
1 19 1; 47950 2431.072 -609200; 55450 2383.243 -609200; 55450 2412.606 -604200; 47950 2459.171 -604200
2 0 1; 55450 2443.312 -704200; 62950 2429.254 -704200; 62950 2419.326 -699200; 55450 2429.114 -699200
2 1 1; 55450 2429.114 -699200; 62950 2419.326 -699200; 62950 2402.714 -694200; 55450 2421.715 -694200
2 2 1; 55450 2421.715 -694200; 62950 2402.714 -694200; 62950 2379.171 -689200; 55450 2410.908 -689200
2 3 1; 55450 2410.908 -689200; 62950 2379.171 -689200; 62950 2350.918 -684200; 55450 2393.256 -684200
2 4 1; 55450 2393.256 -684200; 62950 2350.918 -684200; 62950 2331.152 -679200; 55450 2369.171 -679200
2 5 1; 55450 2369.171 -679200; 62950 2331.152 -679200; 62950 2318.046 -674200; 55450 2349.261 -674200
2 6 1; 55450 2349.261 -674200; 62950 2318.046 -674200; 62950 2307.954 -669200; 55450 2336.295 -669200
2 7 1; 55450 2336.295 -669200; 62950 2307.954 -669200; 62950 2298.021 -664200; 55450 2322.608 -664200
2 8 1; 55450 2322.608 -664200; 62950 2298.021 -664200; 62950 2287.039 -659200; 55450 2308.127 -659200
2 9 1; 55450 2308.127 -659200; 62950 2287.039 -659200; 62950 2270.285 -654200; 55450 2288.416 -654200
2 10 1; 55450 2330.128 -654200; 62950 2328.038 -654200; 62950 2318.522 -649200; 55450 2328.975 -649200
2 11 1; 55450 2328.975 -649200; 62950 2318.522 -649200; 62950 2308.508 -644200; 55450 2329.327 -644200
2 12 1; 55450 2329.327 -644200; 62950 2308.508 -644200; 62950 2302.55 -639200; 55450 2330.921 -639200
2 13 1; 55450 2330.921 -639200; 62950 2302.55 -639200; 62950 2303.317 -634200; 55450 2334.086 -634200
2 14 1; 55450 2334.086 -634200; 62950 2303.317 -634200; 62950 2305.617 -629200; 55450 2338.602 -629200
2 15 1; 55450 2338.602 -629200; 62950 2305.617 -629200; 62950 2319.53 -624200; 55450 2343.237 -624200
2 16 1; 55450 2343.237 -624200; 62950 2319.53 -624200; 62950 2334.699 -619200; 55450 2342.575 -619200
2 17 1; 55450 2342.575 -619200; 62950 2334.699 -619200; 62950 2344.665 -614200; 55450 2355.026 -614200
2 18 1; 55450 2355.026 -614200; 62950 2344.665 -614200; 62950 2357.474 -609200; 55450 2383.243 -609200
2 19 1; 55450 2383.243 -609200; 62950 2357.474 -609200; 62950 2379.71 -604200; 55450 2412.606 -604200
3 0 1; 62950 2429.254 -704200; 70449.99 2428.964 -704200; 70449.99 2404.076 -699200; 62950 2419.326 -699200
3 1 1; 62950 2419.326 -699200; 70449.99 2404.076 -699200; 70450 2374.466 -694200; 62950 2402.714 -694200
3 2 1; 62950 2402.714 -694200; 70450 2374.466 -694200; 70449.99 2346.169 -689200; 62950 2379.171 -689200
3 3 1; 62950 2379.171 -689200; 70449.99 2346.169 -689200; 70449.99 2325.144 -684200; 62950 2350.918 -684200
3 4 1; 62950 2350.918 -684200; 70449.99 2325.144 -684200; 70449.99 2310.352 -679200; 62950 2331.152 -679200
3 5 1; 62950 2331.152 -679200; 70449.99 2310.352 -679200; 70449.99 2293.947 -674200; 62950 2318.046 -674200
3 6 1; 62950 2318.046 -674200; 70449.99 2293.947 -674200; 70449.99 2274.952 -669200; 62950 2307.954 -669200
3 7 1; 62950 2307.954 -669200; 70449.99 2274.952 -669200; 70449.99 2258.803 -664200; 62950 2298.021 -664200
3 8 1; 62950 2298.021 -664200; 70449.99 2258.803 -664200; 70450 2244.563 -659200; 62950 2287.039 -659200
3 9 1; 62950 2287.039 -659200; 70450 2244.563 -659200; 70450 2232.13 -654200; 62950 2270.285 -654200
3 10 1; 62950 2270.285 -654200; 70450 2232.13 -654200; 70450 2223.359 -649200; 62950 2249.534 -649200
3 11 1; 62950 2249.534 -649200; 70450 2223.359 -649200; 70450 2220.192 -644200; 62950 2233.902 -644200
3 12 1; 62950 2308.508 -644200; 70450 2307.671 -644200; 70450 2296.827 -639200; 62950 2302.55 -639200
3 13 1; 62950 2302.55 -639200; 70450 2296.827 -639200; 70450 2294.01 -634200; 62950 2303.317 -634200
3 14 1; 62950 2303.317 -634200; 70450 2294.01 -634200; 70450 2296.987 -629200; 62950 2305.617 -629200
3 15 1; 62950 2305.617 -629200; 70450 2296.987 -629200; 70450 2303.177 -624200; 62950 2319.53 -624200
3 16 1; 62950 2319.53 -624200; 70450 2303.177 -624200; 70450 2318.864 -619200; 62950 2334.699 -619200
3 17 1; 62950 2334.699 -619200; 70450 2318.864 -619200; 70450 2334.067 -614200; 62950 2344.665 -614200
3 18 1; 62950 2344.665 -614200; 70450 2334.067 -614200; 70450 2345.761 -609200; 62950 2357.474 -609200
3 19 1; 62950 2357.474 -609200; 70450 2345.761 -609200; 70450 2358.102 -604200; 62950 2379.71 -604200
4 0 1; 70449.99 2428.964 -704200; 77949.99 2415.075 -704200; 77949.99 2380.465 -699200; 70449.99 2404.076 -699200
4 1 1; 70449.99 2404.076 -699200; 77949.99 2380.465 -699200; 77949.99 2348.701 -694200; 70450 2374.466 -694200
4 2 1; 70450 2374.466 -694200; 77949.99 2348.701 -694200; 77949.99 2326.027 -689200; 70449.99 2346.169 -689200
4 3 1; 70449.99 2346.169 -689200; 77949.99 2326.027 -689200; 77949.99 2309.835 -684200; 70449.99 2325.144 -684200
4 4 1; 70449.99 2325.144 -684200; 77949.99 2309.835 -684200; 77949.99 2288.869 -679200; 70449.99 2310.352 -679200
4 5 1; 70449.99 2310.352 -679200; 77949.99 2288.869 -679200; 77949.99 2262.436 -674200; 70449.99 2293.947 -674200
4 6 1; 70449.99 2293.947 -674200; 77949.99 2262.436 -674200; 77949.99 2242.636 -669200; 70449.99 2274.952 -669200
4 7 1; 70449.99 2274.952 -669200; 77949.99 2242.636 -669200; 77950 2226.082 -664200; 70449.99 2258.803 -664200
4 8 1; 70449.99 2258.803 -664200; 77950 2226.082 -664200; 77950 2209.974 -659200; 70450 2244.563 -659200
4 9 1; 70450 2244.563 -659200; 77950 2209.974 -659200; 77950 2197.12 -654200; 70450 2232.13 -654200
4 10 1; 70450 2232.13 -654200; 77950 2197.12 -654200; 77950 2189.535 -649200; 70450 2217.787 -649200
4 11 1; 70450 2217.787 -649200; 77950 2189.535 -649200; 77950 2187.803 -644200; 70450 2209.684 -644200
4 12 1; 70450 2209.684 -644200; 77950 2187.803 -644200; 77950 2190.43 -639200; 70450 2231.271 -639200
4 13 1; 70450 2231.271 -639200; 77950 2190.43 -639200; 77950 2197.319 -634200; 70450 2341.011 -634200
4 14 1; 70450 2334.332 -634200; 77950 2214.062 -634200; 77950 2314.113 -629200; 70450 2340.137 -629200
4 15 1; 70450 2340.137 -629200; 77950 2314.113 -629200; 77950 2339.416 -624200; 70450 2344.691 -624200
4 16 1; 70450 2344.691 -624200; 77950 2339.416 -624200; 77950 2340.963 -619200; 70450 2353.15 -619200
4 17 1; 70450 2353.15 -619200; 77950 2340.963 -619200; 77950 2358.029 -614200; 70450 2372.019 -614200
4 18 1; 70450 2372.019 -614200; 77950 2358.029 -614200; 77950 2403.561 -609200; 70450 2407.596 -609200
4 19 1; 70450 2407.596 -609200; 77950 2403.561 -609200; 77950 2435.288 -604200; 70450 2412.106 -604200
5 0 1; 77949.99 2415.075 -704200; 85449.99 2393.276 -704200; 85449.99 2355.806 -699200; 77949.99 2380.465 -699200
5 1 1; 77949.99 2380.465 -699200; 85449.99 2355.806 -699200; 85449.99 2329.787 -694200; 77949.99 2348.701 -694200
5 2 1; 77949.99 2348.701 -694200; 85449.99 2329.787 -694200; 85449.99 2313.453 -689200; 77949.99 2326.027 -689200
5 3 1; 77949.99 2326.027 -689200; 85449.99 2313.453 -689200; 85449.99 2292.687 -684200; 77949.99 2309.835 -684200
5 4 1; 77949.99 2309.835 -684200; 85449.99 2292.687 -684200; 85450 2261.253 -679200; 77949.99 2288.869 -679200
5 5 1; 77949.99 2288.869 -679200; 85450 2261.253 -679200; 85450 2238.11 -674200; 77949.99 2262.436 -674200
5 6 1; 77949.99 2262.436 -674200; 85450 2238.11 -674200; 85450 2218.086 -669200; 77949.99 2242.636 -669200
5 7 1; 77949.99 2242.636 -669200; 85450 2218.086 -669200; 85450 2196.707 -664200; 77950 2226.082 -664200
5 8 1; 77950 2226.082 -664200; 85450 2196.707 -664200; 85450 2178.337 -659200; 77950 2209.974 -659200
5 9 1; 77950 2209.974 -659200; 85450 2178.337 -659200; 85450 2168.877 -654200; 77950 2197.12 -654200
5 10 1; 77950 2197.12 -654200; 85450 2168.877 -654200; 85450 2165.35 -649200; 77950 2189.535 -649200
5 11 1; 77950 2189.535 -649200; 85450 2165.35 -649200; 85450 2165.266 -644200; 77950 2187.803 -644200
5 12 1; 77950 2187.803 -644200; 85450 2165.266 -644200; 85450 2167.563 -639200; 77950 2190.43 -639200
5 13 1; 77950 2190.43 -639200; 85450 2167.563 -639200; 85450 2171.632 -634200; 77950 2197.319 -634200
5 14 1; 77950 2197.319 -634200; 85450 2171.632 -634200; 85450 2178.855 -629200; 77950 2238.268 -629200
5 15 1; 77950 2238.268 -629200; 85450 2178.855 -629200; 85450 2192.052 -624200; 77950 2268.839 -624200
5 16 1; 77950 2268.839 -624200; 85450 2192.052 -624200; 85450 2179.702 -619200; 77950 2237.918 -619200
5 17 1; 77950 2340.963 -619200; 85450 2339.666 -619200; 85450 2349.736 -614200; 77950 2358.029 -614200
5 18 1; 77950 2358.029 -614200; 85450 2349.736 -614200; 85450 2389.495 -609200; 77950 2403.561 -609200
5 19 1; 77950 2403.561 -609200; 85450 2389.495 -609200; 85450 2429.872 -604200; 77950 2435.288 -604200
6 0 1; 85449.99 2393.276 -704200; 92949.99 2365.123 -704200; 92949.99 2338.277 -699200; 85449.99 2355.806 -699200
6 1 1; 85449.99 2355.806 -699200; 92949.99 2338.277 -699200; 92949.99 2319.368 -694200; 85449.99 2329.787 -694200
6 2 1; 85449.99 2329.787 -694200; 92949.99 2319.368 -694200; 92949.99 2301.575 -689200; 85449.99 2313.453 -689200
6 3 1; 85449.99 2313.453 -689200; 92949.99 2301.575 -689200; 92949.99 2271.956 -684200; 85449.99 2292.687 -684200
6 4 1; 85449.99 2292.687 -684200; 92949.99 2271.956 -684200; 92949.99 2243.618 -679200; 85450 2261.253 -679200
6 5 1; 85450 2261.253 -679200; 92949.99 2243.618 -679200; 92949.99 2222 -674200; 85450 2238.11 -674200
6 6 1; 85450 2238.11 -674200; 92949.99 2222 -674200; 92949.99 2193.297 -669200; 85450 2218.086 -669200
6 7 1; 85450 2218.086 -669200; 92949.99 2193.297 -669200; 92949.99 2166.681 -664200; 85450 2196.707 -664200
6 8 1; 85450 2196.707 -664200; 92949.99 2166.681 -664200; 92949.99 2153.644 -659200; 85450 2178.337 -659200
6 9 1; 85450 2178.337 -659200; 92949.99 2153.644 -659200; 92950 2148.44 -654200; 85450 2168.877 -654200
6 10 1; 85450 2168.877 -654200; 92950 2148.44 -654200; 92950 2145.208 -649200; 85450 2165.35 -649200
6 11 1; 85450 2165.35 -649200; 92950 2145.208 -649200; 92950 2143.358 -644200; 85450 2165.266 -644200
6 12 1; 85450 2165.266 -644200; 92950 2143.358 -644200; 92950 2144.831 -639200; 85450 2167.563 -639200
6 13 1; 85450 2167.563 -639200; 92950 2144.831 -639200; 92950 2148.641 -634200; 85450 2171.632 -634200
6 14 1; 85450 2171.632 -634200; 92950 2148.641 -634200; 92950 2154.057 -629200; 85450 2178.855 -629200
6 15 1; 85450 2178.855 -629200; 92950 2154.057 -629200; 92950 2161.922 -624200; 85450 2192.052 -624200
6 16 1; 85450 2192.052 -624200; 92950 2161.922 -624200; 92950 2175.299 -619200; 85450 2179.702 -619200
6 17 1; 85450 2179.702 -619200; 92950 2175.299 -619200; 92950 2179.516 -614200; 85450 2175.806 -614200
6 18 1; 85450 2175.806 -614200; 92950 2179.516 -614200; 92950 2266.014 -609200; 85450 2214.318 -609200
6 19 1; 85450 2389.495 -609200; 92950 2395.548 -609200; 92950 2419.115 -604200; 85450 2429.872 -604200
7 0 1; 92949.99 2365.123 -704200; 100450 2350.112 -704200; 100450 2329.159 -699200; 92949.99 2338.277 -699200
7 1 1; 92949.99 2338.277 -699200; 100450 2329.159 -699200; 100450 2310.933 -694200; 92949.99 2319.368 -694200
7 2 1; 92949.99 2319.368 -694200; 100450 2310.933 -694200; 100450 2288.643 -689200; 92949.99 2301.575 -689200
7 3 1; 92949.99 2301.575 -689200; 100450 2288.643 -689200; 100450 2257.664 -684200; 92949.99 2271.956 -684200
7 4 1; 92949.99 2271.956 -684200; 100450 2257.664 -684200; 100450 2231.876 -679200; 92949.99 2243.618 -679200
7 5 1; 92949.99 2243.618 -679200; 100450 2231.876 -679200; 100450 2202.675 -674200; 92949.99 2222 -674200
7 6 1; 92949.99 2222 -674200; 100450 2202.675 -674200; 100450 2168.276 -669200; 92949.99 2193.297 -669200
7 7 1; 92949.99 2193.297 -669200; 100450 2168.276 -669200; 100450 2150.849 -664200; 92949.99 2166.681 -664200
7 8 1; 92949.99 2166.681 -664200; 100450 2150.849 -664200; 100450 2143.821 -659200; 92949.99 2153.644 -659200
7 9 1; 92949.99 2153.644 -659200; 100450 2143.821 -659200; 100450 2135.22 -654200; 92950 2148.44 -654200
7 10 1; 92950 2148.44 -654200; 100450 2135.22 -654200; 100450 2128.143 -649200; 92950 2145.208 -649200
7 11 1; 92950 2145.208 -649200; 100450 2128.143 -649200; 100450 2125.142 -644200; 92950 2143.358 -644200
7 12 1; 92950 2143.358 -644200; 100450 2125.142 -644200; 100450 2125.916 -639200; 92950 2144.831 -639200
7 13 1; 92950 2144.831 -639200; 100450 2125.916 -639200; 100450 2129.355 -634200; 92950 2148.641 -634200
7 14 1; 92950 2148.641 -634200; 100450 2129.355 -634200; 100450 2135.042 -629200; 92950 2154.057 -629200
7 15 1; 92950 2154.057 -629200; 100450 2135.042 -629200; 100450 2144.608 -624200; 92950 2161.922 -624200
7 16 1; 92950 2161.922 -624200; 100450 2144.608 -624200; 100450 2151.034 -619200; 92950 2175.299 -619200
7 17 1; 92950 2175.299 -619200; 100450 2151.034 -619200; 100450 2181.834 -614200; 92950 2179.516 -614200
7 18 1; 92950 2179.516 -614200; 100450 2181.834 -614200; 100450 2245.514 -609200; 92950 2266.014 -609200
7 19 1; 92950 2266.014 -609200; 100450 2245.514 -609200; 100450 2339.033 -604200; 92950 2371.447 -604200
8 0 1; 100450 2350.112 -704200; 107950 2342.817 -704200; 107950 2322.764 -699200; 100450 2329.159 -699200
8 1 1; 100450 2329.159 -699200; 107950 2322.764 -699200; 107950 2302.626 -694200; 100450 2310.933 -694200
8 2 1; 100450 2310.933 -694200; 107950 2302.626 -694200; 107950 2277.863 -689200; 100450 2288.643 -689200
8 3 1; 100450 2288.643 -689200; 107950 2277.863 -689200; 107950 2250.641 -684200; 100450 2257.664 -684200
8 4 1; 100450 2257.664 -684200; 107950 2250.641 -684200; 107950 2223.985 -679200; 100450 2231.876 -679200
8 5 1; 100450 2231.876 -679200; 107950 2223.985 -679200; 107950 2186.341 -674200; 100450 2202.675 -674200
8 6 1; 100450 2202.675 -674200; 107950 2186.341 -674200; 107950 2155.414 -669200; 100450 2168.276 -669200
8 7 1; 100450 2168.276 -669200; 107950 2155.414 -669200; 107950 2147.354 -664200; 100450 2150.849 -664200
8 8 1; 100450 2150.849 -664200; 107950 2147.354 -664200; 107950 2137.581 -659200; 100450 2143.821 -659200
8 9 1; 100450 2143.821 -659200; 107950 2137.581 -659200; 107950 2126.229 -654200; 100450 2135.22 -654200
8 10 1; 100450 2135.22 -654200; 107950 2126.229 -654200; 107950 2112.737 -649200; 100450 2128.143 -649200
8 11 1; 100450 2128.143 -649200; 107950 2112.737 -649200; 107950 2085.549 -644200; 100450 2125.142 -644200
8 12 1; 100450 2125.142 -644200; 107950 2085.549 -644200; 107950 2093.678 -639200; 100450 2125.916 -639200
8 13 1; 100450 2125.916 -639200; 107950 2093.678 -639200; 107950 2111.408 -634200; 100450 2129.355 -634200
8 14 1; 100450 2129.355 -634200; 107950 2111.408 -634200; 107950 2120.801 -629200; 100450 2135.042 -629200
8 15 1; 100450 2135.042 -629200; 107950 2120.801 -629200; 107950 2130.969 -624200; 100450 2144.608 -624200
8 16 1; 100450 2144.608 -624200; 107950 2130.969 -624200; 107950 2146.567 -619200; 100450 2151.034 -619200
8 17 1; 100450 2151.034 -619200; 107950 2146.567 -619200; 107950 2163.453 -614200; 100450 2181.834 -614200
8 18 1; 100450 2181.834 -614200; 107950 2163.453 -614200; 107950 2229.35 -609200; 100450 2245.514 -609200
8 19 1; 100450 2245.514 -609200; 107950 2229.35 -609200; 107950 2327.15 -604200; 100450 2339.033 -604200
9 0 1; 107950 2342.817 -704200; 115450 2338.272 -704200; 115450 2319.864 -699200; 107950 2322.764 -699200
9 1 1; 107950 2322.764 -699200; 115450 2319.864 -699200; 115450 2295.022 -694200; 107950 2302.626 -694200
9 2 1; 107950 2302.626 -694200; 115450 2295.022 -694200; 115450 2271.497 -689200; 107950 2277.863 -689200
9 3 1; 107950 2277.863 -689200; 115450 2271.497 -689200; 115450 2246.558 -684200; 107950 2250.641 -684200
9 4 1; 107950 2250.641 -684200; 115450 2246.558 -684200; 115450 2217.685 -679200; 107950 2223.985 -679200
9 5 1; 107950 2223.985 -679200; 115450 2217.685 -679200; 115450 2176.082 -674200; 107950 2186.341 -674200
9 6 1; 107950 2186.341 -674200; 115450 2176.082 -674200; 115450 2150.481 -669200; 107950 2155.414 -669200
9 7 1; 107950 2155.414 -669200; 115450 2150.481 -669200; 115450 2145 -664200; 107950 2147.354 -664200
9 8 1; 107950 2147.354 -664200; 115450 2145 -664200; 115450 2133.308 -659200; 107950 2137.581 -659200
9 9 1; 107950 2137.581 -659200; 115450 2133.308 -659200; 115450 2098.685 -654200; 107950 2126.229 -654200
9 10 1; 107950 2126.229 -654200; 115450 2098.685 -654200; 115450 2033.327 -649200; 107950 2112.737 -649200
9 11 1; 107950 2112.737 -649200; 115450 2033.327 -649200; 115450 2015.984 -644200; 107950 2085.549 -644200
9 12 1; 107950 2085.549 -644200; 115450 2015.984 -644200; 115450 2015.351 -639200; 107950 2093.678 -639200
9 13 1; 107950 2093.678 -639200; 115450 2015.351 -639200; 115450 2031.844 -634200; 107950 2111.408 -634200
9 14 1; 107950 2111.408 -634200; 115450 2031.844 -634200; 115450 2110.63 -629200; 107950 2120.801 -629200
9 15 1; 107950 2120.801 -629200; 115450 2110.63 -629200; 115450 2126.014 -624200; 107950 2130.969 -624200
9 16 1; 107950 2130.969 -624200; 115450 2126.014 -624200; 115450 2141.993 -619200; 107950 2146.567 -619200
9 17 1; 107950 2146.567 -619200; 115450 2141.993 -619200; 115450 2157.698 -614200; 107950 2163.453 -614200
9 18 1; 107950 2163.453 -614200; 115450 2157.698 -614200; 115450 2226.391 -609200; 107950 2229.35 -609200
9 19 1; 107950 2229.35 -609200; 115450 2226.391 -609200; 115450 2325.438 -604200; 107950 2327.15 -604200
10 0 1; 115450 2453.41 -704200; 122950 2460.081 -704200; 122950 2425.253 -699200; 115450 2438.699 -699200
10 1 1; 115450 2438.699 -699200; 122950 2425.253 -699200; 122950 2403.678 -694200; 115450 2420.08 -694200
10 2 1; 115450 2295.022 -694200; 122950 2293.471 -694200; 122950 2268.961 -689200; 115450 2271.497 -689200
10 3 1; 115450 2271.497 -689200; 122950 2268.961 -689200; 122950 2245.094 -684200; 115450 2246.558 -684200
10 4 1; 115450 2246.558 -684200; 122950 2245.094 -684200; 122950 2216.558 -679200; 115450 2217.685 -679200
10 5 1; 115450 2217.685 -679200; 122950 2216.558 -679200; 122950 2174.895 -674200; 115450 2176.082 -674200
10 6 1; 115450 2176.082 -674200; 122950 2174.895 -674200; 122950 2150.228 -669200; 115450 2150.481 -669200
10 7 1; 115450 2150.481 -669200; 122950 2150.228 -669200; 122950 2144.913 -664200; 115450 2145 -664200
10 8 1; 115450 2145 -664200; 122950 2144.913 -664200; 122950 2132.808 -659200; 115450 2133.308 -659200
10 9 1; 115450 2133.308 -659200; 122950 2132.808 -659200; 122950 2104.464 -654200; 115450 2098.685 -654200
10 10 1; 115450 2098.685 -654200; 122950 2104.464 -654200; 122950 2030.195 -649200; 115450 2033.327 -649200
10 11 0; 115450 2033.327 -649200; 122950 2030.195 -649200; 122950 2001.928 -644200; 115450 2015.984 -644200
10 12 0; 115450 2015.984 -644200; 122950 2001.928 -644200; 122950 2000.098 -639200; 115450 2015.351 -639200
10 13 0; 115450 2015.351 -639200; 122950 2000.098 -639200; 122950 2023.613 -634200; 115450 2031.844 -634200
10 14 1; 115450 2031.844 -634200; 122950 2023.613 -634200; 122950 2110.976 -629200; 115450 2110.63 -629200
10 15 1; 115450 2110.63 -629200; 122950 2110.976 -629200; 122950 2125.623 -624200; 115450 2126.014 -624200
10 16 1; 115450 2126.014 -624200; 122950 2125.623 -624200; 122950 2140.626 -619200; 115450 2141.993 -619200
10 17 1; 115450 2141.993 -619200; 122950 2140.626 -619200; 122950 2157.208 -614200; 115450 2157.698 -614200
10 18 1; 115450 2157.698 -614200; 122950 2157.208 -614200; 122950 2226.465 -609200; 115450 2226.391 -609200
10 19 1; 115450 2226.391 -609200; 122950 2226.465 -609200; 122950 2285.738 -604200; 115450 2325.438 -604200
11 0 1; 122950 2460.081 -704200; 130450 2467.548 -704200; 130450 2433.693 -699200; 122950 2425.253 -699200
11 1 1; 122950 2425.253 -699200; 130450 2433.693 -699200; 130450 2401.25 -694200; 122950 2403.678 -694200
11 2 1; 122950 2403.678 -694200; 130450 2401.25 -694200; 130450 2379.329 -689200; 122950 2389.587 -689200
11 3 1; 122950 2268.961 -689200; 130450 2265.982 -689200; 130450 2244.772 -684200; 122950 2245.094 -684200
11 4 1; 122950 2245.094 -684200; 130450 2244.772 -684200; 130450 2215.707 -679200; 122950 2216.558 -679200
11 5 1; 122950 2216.558 -679200; 130450 2215.707 -679200; 130450 2180.61 -674200; 122950 2174.895 -674200
11 6 1; 122950 2174.895 -674200; 130450 2180.61 -674200; 130450 2154.093 -669200; 122950 2150.228 -669200
11 7 1; 122950 2150.228 -669200; 130450 2154.093 -669200; 130450 2146.387 -664200; 122950 2144.913 -664200
11 8 1; 122950 2144.913 -664200; 130450 2146.387 -664200; 130450 2135.604 -659200; 122950 2132.808 -659200
11 9 1; 122950 2132.808 -659200; 130450 2135.604 -659200; 130450 2124.094 -654200; 122950 2104.464 -654200
11 10 1; 122950 2104.464 -654200; 130450 2124.094 -654200; 130450 2104.745 -649200; 122950 2030.195 -649200
11 11 1; 122950 2030.195 -649200; 130450 2104.745 -649200; 130450 2046.056 -644200; 122950 2001.928 -644200
11 12 0; 122950 2001.928 -644200; 130450 2046.056 -644200; 130450 2041.43 -639200; 122950 2000.098 -639200
11 13 1; 122950 2000.098 -639200; 130450 2041.43 -639200; 130450 2093.141 -634200; 122950 2023.613 -634200
11 14 1; 122950 2023.613 -634200; 130450 2093.141 -634200; 130450 2119.851 -629200; 122950 2110.976 -629200
11 15 1; 122950 2110.976 -629200; 130450 2119.851 -629200; 130450 2129.88 -624200; 122950 2125.623 -624200
11 16 1; 122950 2125.623 -624200; 130450 2129.88 -624200; 130450 2143.864 -619200; 122950 2140.626 -619200
11 17 1; 122950 2140.626 -619200; 130450 2143.864 -619200; 130450 2161.567 -614200; 122950 2157.208 -614200
11 18 1; 122950 2157.208 -614200; 130450 2161.567 -614200; 130450 2194.134 -609200; 122950 2226.465 -609200
11 19 1; 122950 2226.465 -609200; 130450 2194.134 -609200; 130450 2237.969 -604200; 122950 2285.738 -604200
12 0 1; 130450 2467.548 -704200; 137950 2476.646 -704200; 137950 2443.752 -699200; 130450 2433.693 -699200
12 1 1; 130450 2433.693 -699200; 137950 2443.752 -699200; 137950 2411.267 -694200; 130450 2401.25 -694200
12 2 1; 130450 2401.25 -694200; 137950 2411.267 -694200; 137950 2384.312 -689200; 130450 2379.329 -689200
12 3 1; 130450 2379.329 -689200; 137950 2384.312 -689200; 137950 2358.386 -684200; 130450 2365.804 -684200
12 4 1; 130450 2365.804 -684200; 137950 2358.386 -684200; 137950 2328.074 -679200; 130450 2343.953 -679200
12 5 1; 130450 2215.707 -679200; 137950 2211.686 -679200; 137950 2183.113 -674200; 130450 2180.61 -674200
12 6 1; 130450 2180.61 -674200; 137950 2183.113 -674200; 137950 2166.25 -669200; 130450 2154.093 -669200
12 7 1; 130450 2154.093 -669200; 137950 2166.25 -669200; 137950 2152.958 -664200; 130450 2146.387 -664200
12 8 1; 130450 2146.387 -664200; 137950 2152.958 -664200; 137950 2145.17 -659200; 130450 2135.604 -659200
12 9 1; 130450 2135.604 -659200; 137950 2145.17 -659200; 137950 2137.048 -654200; 130450 2124.094 -654200
12 10 1; 130450 2124.094 -654200; 137950 2137.048 -654200; 137950 2129.797 -649200; 130450 2104.745 -649200
12 11 1; 130450 2104.745 -649200; 137950 2129.797 -649200; 137950 2126.052 -644200; 130450 2046.056 -644200
12 12 1; 130450 2046.056 -644200; 137950 2126.052 -644200; 137950 2124.638 -639200; 130450 2041.43 -639200
12 13 1; 130450 2041.43 -639200; 137950 2124.638 -639200; 137950 2125.767 -634200; 130450 2093.141 -634200
12 14 1; 130450 2093.141 -634200; 137950 2125.767 -634200; 137950 2131.021 -629200; 130450 2119.851 -629200
12 15 1; 130450 2119.851 -629200; 137950 2131.021 -629200; 137950 2140.888 -624200; 130450 2129.88 -624200
12 16 1; 130450 2129.88 -624200; 137950 2140.888 -624200; 137950 2152.957 -619200; 130450 2143.864 -619200
12 17 1; 130450 2143.864 -619200; 137950 2152.957 -619200; 137950 2155.461 -614200; 130450 2161.567 -614200
12 18 1; 130450 2294.099 -614200; 137950 2276.218 -614200; 137950 2310.542 -609200; 130450 2322.076 -609200
12 19 1; 130450 2322.076 -609200; 137950 2310.542 -609200; 137950 2367.773 -604200; 130450 2370.096 -604200
13 0 1; 137950 2476.646 -704200; 145450 2485.964 -704200; 145450 2455.276 -699200; 137950 2443.752 -699200
13 1 1; 137950 2443.752 -699200; 145450 2455.276 -699200; 145450 2423.008 -694200; 137950 2411.267 -694200
13 2 1; 137950 2411.267 -694200; 145450 2423.008 -694200; 145450 2393.221 -689200; 137950 2384.312 -689200
13 3 1; 137950 2384.312 -689200; 145450 2393.221 -689200; 145450 2370.146 -684200; 137950 2358.386 -684200
13 4 1; 137950 2358.386 -684200; 145450 2370.146 -684200; 145450 2338.11 -679200; 137950 2328.074 -679200
13 5 1; 137950 2328.074 -679200; 145450 2338.11 -679200; 145450 2316.123 -674200; 137950 2319.904 -674200
13 6 1; 137950 2183.113 -674200; 145450 2178.768 -674200; 145450 2168.424 -669200; 137950 2166.25 -669200
13 7 1; 137950 2166.25 -669200; 145450 2168.424 -669200; 145450 2167.68 -664200; 137950 2152.958 -664200
13 8 1; 137950 2152.958 -664200; 145450 2167.68 -664200; 145450 2159.691 -659200; 137950 2145.17 -659200
13 9 1; 137950 2145.17 -659200; 145450 2159.691 -659200; 145450 2152.286 -654200; 137950 2137.048 -654200
13 10 1; 137950 2137.048 -654200; 145450 2152.286 -654200; 145450 2147.134 -649200; 137950 2129.797 -649200
13 11 1; 137950 2129.797 -649200; 145450 2147.134 -649200; 145450 2143.79 -644200; 137950 2126.052 -644200
13 12 1; 137950 2126.052 -644200; 145450 2143.79 -644200; 145450 2142.64 -639200; 137950 2124.638 -639200
13 13 1; 137950 2124.638 -639200; 145450 2142.64 -639200; 145450 2143.984 -634200; 137950 2125.767 -634200
13 14 1; 137950 2125.767 -634200; 145450 2143.984 -634200; 145450 2148.061 -629200; 137950 2131.021 -629200
13 15 1; 137950 2131.021 -629200; 145450 2148.061 -629200; 145450 2155.631 -624200; 137950 2140.888 -624200
13 16 1; 137950 2140.888 -624200; 145450 2155.631 -624200; 145450 2155.329 -619200; 137950 2152.957 -619200
13 17 1; 137950 2262.188 -619200; 145450 2248.151 -619200; 145450 2270.693 -614200; 137950 2276.218 -614200
13 18 1; 137950 2276.218 -614200; 145450 2270.693 -614200; 145450 2322.937 -609200; 137950 2310.542 -609200
13 19 1; 137950 2310.542 -609200; 145450 2322.937 -609200; 145450 2368.962 -604200; 137950 2367.773 -604200
14 0 1; 145450 2485.964 -704200; 152950 2496.125 -704200; 152950 2469.119 -699200; 145450 2455.276 -699200
14 1 1; 145450 2455.276 -699200; 152950 2469.119 -699200; 152950 2439.777 -694200; 145450 2423.008 -694200
14 2 1; 145450 2423.008 -694200; 152950 2439.777 -694200; 152950 2408.78 -689200; 145450 2393.221 -689200
14 3 1; 145450 2393.221 -689200; 152950 2408.78 -689200; 152950 2383.335 -684200; 145450 2370.146 -684200
14 4 1; 145450 2370.146 -684200; 152950 2383.335 -684200; 152950 2363.7 -679200; 145450 2338.11 -679200
14 5 1; 145450 2338.11 -679200; 152950 2363.7 -679200; 152950 2334.501 -674200; 145450 2316.123 -674200
14 6 1; 145450 2316.123 -674200; 152950 2334.501 -674200; 152950 2315.255 -669200; 145450 2313.683 -669200
14 7 1; 145450 2313.683 -669200; 152950 2315.255 -669200; 152950 2313.236 -664200; 145450 2312.418 -664200
14 8 1; 145450 2167.68 -664200; 152950 2170.029 -664200; 152950 2177.175 -659200; 145450 2159.691 -659200
14 9 1; 145450 2159.691 -659200; 152950 2177.175 -659200; 152950 2176.53 -654200; 145450 2152.286 -654200
14 10 1; 145450 2152.286 -654200; 152950 2176.53 -654200; 152950 2171.971 -649200; 145450 2147.134 -649200
14 11 1; 145450 2147.134 -649200; 152950 2171.971 -649200; 152950 2169.523 -644200; 145450 2143.79 -644200
14 12 1; 145450 2143.79 -644200; 152950 2169.523 -644200; 152950 2168.052 -639200; 145450 2142.64 -639200
14 13 1; 145450 2142.64 -639200; 152950 2168.052 -639200; 152950 2169.614 -634200; 145450 2143.984 -634200
14 14 1; 145450 2143.984 -634200; 152950 2169.614 -634200; 152950 2173.808 -629200; 145450 2148.061 -629200
14 15 1; 145450 2148.061 -629200; 152950 2173.808 -629200; 152950 2167.951 -624200; 145450 2155.631 -624200
14 16 1; 145450 2242.39 -624200; 152950 2249.632 -624200; 152950 2251.736 -619200; 145450 2248.151 -619200
14 17 1; 145450 2248.151 -619200; 152950 2251.736 -619200; 152950 2290.744 -614200; 145450 2270.693 -614200
14 18 1; 145450 2270.693 -614200; 152950 2290.744 -614200; 152950 2333.036 -609200; 145450 2322.937 -609200
14 19 1; 145450 2322.937 -609200; 152950 2333.036 -609200; 152950 2378.437 -604200; 145450 2368.962 -604200
15 0 1; 152950 2496.125 -704200; 160450 2508.344 -704200; 160450 2483.05 -699200; 152950 2469.119 -699200
15 1 1; 152950 2469.119 -699200; 160450 2483.05 -699200; 160450 2462.485 -694200; 152950 2439.777 -694200
15 2 1; 152950 2439.777 -694200; 160450 2462.485 -694200; 160450 2434.115 -689200; 152950 2408.78 -689200
15 3 1; 152950 2408.78 -689200; 160450 2434.115 -689200; 160450 2404.761 -684200; 152950 2383.335 -684200
15 4 1; 152950 2383.335 -684200; 160450 2404.761 -684200; 160450 2383.129 -679200; 152950 2363.7 -679200
15 5 1; 152950 2363.7 -679200; 160450 2383.129 -679200; 160450 2366.779 -674200; 152950 2334.501 -674200
15 6 1; 152950 2334.501 -674200; 160450 2366.779 -674200; 160450 2346.299 -669200; 152950 2315.255 -669200
15 7 1; 152950 2315.255 -669200; 160450 2346.299 -669200; 160450 2324.279 -664200; 152950 2313.236 -664200
15 8 1; 152950 2313.236 -664200; 160450 2324.279 -664200; 160450 2318.607 -659200; 152950 2315.47 -659200
15 9 1; 152950 2177.175 -659200; 160450 2180.081 -659200; 160450 2195.425 -654200; 152950 2176.53 -654200
15 10 1; 152950 2176.53 -654200; 160450 2195.425 -654200; 160450 2212.418 -649200; 152950 2171.971 -649200
15 11 1; 152950 2171.971 -649200; 160450 2212.418 -649200; 160450 2207.579 -644200; 152950 2169.523 -644200
15 12 1; 152950 2169.523 -644200; 160450 2207.579 -644200; 160450 2206.603 -639200; 152950 2168.052 -639200
15 13 1; 152950 2168.052 -639200; 160450 2206.603 -639200; 160450 2208.5 -634200; 152950 2169.614 -634200
15 14 1; 152950 2169.614 -634200; 160450 2208.5 -634200; 160450 2197.883 -629200; 152950 2173.808 -629200
15 15 1; 152950 2173.808 -629200; 160450 2197.883 -629200; 160450 2181.183 -624200; 152950 2167.951 -624200
15 16 1; 152950 2249.632 -624200; 160450 2268.773 -624200; 160450 2285.394 -619200; 152950 2251.736 -619200
15 17 1; 152950 2251.736 -619200; 160450 2285.394 -619200; 160450 2312.191 -614200; 152950 2290.744 -614200
15 18 1; 152950 2290.744 -614200; 160450 2312.191 -614200; 160450 2341.118 -609200; 152950 2333.036 -609200
15 19 1; 152950 2333.036 -609200; 160450 2341.118 -609200; 160450 2390.65 -604200; 152950 2378.437 -604200
16 0 1; 160450 2508.344 -704200; 167950 2523.194 -704200; 167950 2499.828 -699200; 160450 2483.05 -699200
16 1 1; 160450 2483.05 -699200; 167950 2499.828 -699200; 167950 2481.325 -694200; 160450 2462.485 -694200
16 2 1; 160450 2462.485 -694200; 167950 2481.325 -694200; 167950 2466.091 -689200; 160450 2434.115 -689200
16 3 1; 160450 2434.115 -689200; 167950 2466.091 -689200; 167950 2442.698 -684200; 160450 2404.761 -684200
16 4 1; 160450 2404.761 -684200; 167950 2442.698 -684200; 167950 2416.167 -679200; 160450 2383.129 -679200
16 5 1; 160450 2383.129 -679200; 167950 2416.167 -679200; 167950 2395.553 -674200; 160450 2366.779 -674200
16 6 1; 160450 2366.779 -674200; 167950 2395.553 -674200; 167950 2380.966 -669200; 160450 2346.299 -669200
16 7 1; 160450 2346.299 -669200; 167950 2380.966 -669200; 167950 2369.343 -664200; 160450 2324.279 -664200
16 8 1; 160450 2324.279 -664200; 167950 2369.343 -664200; 167950 2357.143 -659200; 160450 2318.607 -659200
16 9 1; 160450 2318.607 -659200; 167950 2357.143 -659200; 167950 2347.623 -654200; 160450 2329.864 -654200
16 10 1; 160450 2195.425 -654200; 167950 2204.346 -654200; 167950 2222.411 -649200; 160450 2212.418 -649200
16 11 1; 160450 2212.418 -649200; 167950 2222.411 -649200; 167950 2241.634 -644200; 160450 2207.579 -644200
16 12 1; 160450 2207.579 -644200; 167950 2241.634 -644200; 167950 2250.127 -639200; 160450 2206.603 -639200
16 13 1; 160450 2206.603 -639200; 167950 2250.127 -639200; 167950 2245.247 -634200; 160450 2208.5 -634200
16 14 1; 160450 2208.5 -634200; 167950 2245.247 -634200; 167950 2221.531 -629200; 160450 2197.883 -629200
16 15 1; 160450 2279.1 -629200; 167950 2299.583 -629200; 167950 2306.838 -624200; 160450 2268.773 -624200
16 16 1; 160450 2268.773 -624200; 167950 2306.838 -624200; 167950 2315.057 -619200; 160450 2285.394 -619200
16 17 1; 160450 2285.394 -619200; 167950 2315.057 -619200; 167950 2326.092 -614200; 160450 2312.191 -614200
16 18 1; 160450 2312.191 -614200; 167950 2326.092 -614200; 167950 2362.003 -609200; 160450 2341.118 -609200
16 19 1; 160450 2341.118 -609200; 167950 2362.003 -609200; 167950 2403.387 -604200; 160450 2390.65 -604200
17 0 1; 167950 2523.194 -704200; 175450 2545.09 -704200; 175450 2522.826 -699200; 167950 2499.828 -699200
17 1 1; 167950 2499.828 -699200; 175450 2522.826 -699200; 175450 2505.99 -694200; 167950 2481.325 -694200
17 2 1; 167950 2481.325 -694200; 175450 2505.99 -694200; 175450 2489.007 -689200; 167950 2466.091 -689200
17 3 1; 167950 2466.091 -689200; 175450 2489.007 -689200; 175450 2475.227 -684200; 167950 2442.698 -684200
17 4 1; 167950 2442.698 -684200; 175450 2475.227 -684200; 175450 2460.853 -679200; 167950 2416.167 -679200
17 5 1; 167950 2416.167 -679200; 175450 2460.853 -679200; 175450 2443.024 -674200; 167950 2395.553 -674200
17 6 1; 167950 2395.553 -674200; 175450 2443.024 -674200; 175450 2425.318 -669200; 167950 2380.966 -669200
17 7 1; 167950 2380.966 -669200; 175450 2425.318 -669200; 175450 2409.103 -664200; 167950 2369.343 -664200
17 8 1; 167950 2369.343 -664200; 175450 2409.103 -664200; 175450 2396.519 -659200; 167950 2357.143 -659200
17 9 1; 167950 2357.143 -659200; 175450 2396.519 -659200; 175450 2387.762 -654200; 167950 2347.623 -654200
17 10 1; 167950 2347.623 -654200; 175450 2387.762 -654200; 175450 2380.243 -649200; 167950 2361.852 -649200
17 11 1; 167950 2361.852 -649200; 175450 2380.243 -649200; 175450 2384.302 -644200; 167950 2371.795 -644200
17 12 1; 167950 2241.634 -644200; 175450 2246.563 -644200; 175450 2269.812 -639200; 167950 2250.127 -639200
17 13 1; 167950 2250.127 -639200; 175450 2269.812 -639200; 175450 2263.982 -634200; 167950 2245.247 -634200
17 14 1; 167950 2301.307 -634200; 175450 2317.774 -634200; 175450 2319.392 -629200; 167950 2299.583 -629200
17 15 1; 167950 2299.583 -629200; 175450 2319.392 -629200; 175450 2321.777 -624200; 167950 2306.838 -624200
17 16 1; 167950 2306.838 -624200; 175450 2321.777 -624200; 175450 2332.787 -619200; 167950 2315.057 -619200
17 17 1; 167950 2315.057 -619200; 175450 2332.787 -619200; 175450 2354.887 -614200; 167950 2326.092 -614200
17 18 1; 167950 2326.092 -614200; 175450 2354.887 -614200; 175450 2389.576 -609200; 167950 2362.003 -609200
17 19 1; 167950 2362.003 -609200; 175450 2389.576 -609200; 175450 2425.241 -604200; 167950 2403.387 -604200
18 0 1; 175450 2545.09 -704200; 182950 2570.841 -704200; 182950 2547.725 -699200; 175450 2522.826 -699200
18 1 1; 175450 2522.826 -699200; 182950 2547.725 -699200; 182950 2530.01 -694200; 175450 2505.99 -694200
18 2 1; 175450 2505.99 -694200; 182950 2530.01 -694200; 182950 2516.95 -689200; 175450 2489.007 -689200
18 3 1; 175450 2489.007 -689200; 182950 2516.95 -689200; 182950 2504.632 -684200; 175450 2475.227 -684200
18 4 1; 175450 2475.227 -684200; 182950 2504.632 -684200; 182950 2491.991 -679200; 175450 2460.853 -679200
18 5 1; 175450 2460.853 -679200; 182950 2491.991 -679200; 182950 2481.7 -674200; 175450 2443.024 -674200
18 6 1; 175450 2443.024 -674200; 182950 2481.7 -674200; 182950 2473.955 -669200; 175450 2425.318 -669200
18 7 1; 175450 2425.318 -669200; 182950 2473.955 -669200; 182950 2466.059 -664200; 175450 2409.103 -664200
18 8 1; 175450 2409.103 -664200; 182950 2466.059 -664200; 182950 2457.895 -659200; 175450 2396.519 -659200
18 9 1; 175450 2396.519 -659200; 182950 2457.895 -659200; 182950 2450.775 -654200; 175450 2387.762 -654200
18 10 1; 175450 2387.762 -654200; 182950 2450.775 -654200; 182950 2445.62 -649200; 175450 2380.243 -649200
18 11 1; 175450 2380.243 -649200; 182950 2445.62 -649200; 182950 2420.851 -644200; 175450 2384.302 -644200
18 12 1; 175450 2384.302 -644200; 182950 2420.851 -644200; 182950 2342.779 -639200; 175450 2342.153 -639200
18 13 1; 175450 2316.54 -639200; 182950 2348.981 -639200; 182950 2351.595 -634200; 175450 2327.902 -634200
18 14 1; 175450 2317.774 -634200; 182950 2322.688 -634200; 182950 2344.575 -629200; 175450 2319.392 -629200
18 15 1; 175450 2319.392 -629200; 182950 2344.575 -629200; 182950 2358.906 -624200; 175450 2321.777 -624200
18 16 1; 175450 2321.777 -624200; 182950 2358.906 -624200; 182950 2373.951 -619200; 175450 2332.787 -619200
18 17 1; 175450 2332.787 -619200; 182950 2373.951 -619200; 182950 2396.177 -614200; 175450 2354.887 -614200
18 18 1; 175450 2354.887 -614200; 182950 2396.177 -614200; 182950 2429.745 -609200; 175450 2389.576 -609200
18 19 1; 175450 2389.576 -609200; 182950 2429.745 -609200; 182950 2462.67 -604200; 175450 2425.241 -604200
19 0 1; 182950 2570.841 -704200; 190450 2602.46 -704200; 190450 2581.003 -699200; 182950 2547.725 -699200
19 1 1; 182950 2547.725 -699200; 190450 2581.003 -699200; 190450 2563.068 -694200; 182950 2530.01 -694200
19 2 1; 182950 2530.01 -694200; 190450 2563.068 -694200; 190450 2547.805 -689200; 182950 2516.95 -689200
19 3 1; 182950 2516.95 -689200; 190450 2547.805 -689200; 190450 2536.736 -684200; 182950 2504.632 -684200
19 4 1; 182950 2504.632 -684200; 190450 2536.736 -684200; 190450 2525.96 -679200; 182950 2491.991 -679200
19 5 1; 182950 2491.991 -679200; 190450 2525.96 -679200; 190450 2516.734 -674200; 182950 2481.7 -674200
19 6 1; 182950 2481.7 -674200; 190450 2516.734 -674200; 190450 2507.869 -669200; 182950 2473.955 -669200
19 7 1; 182950 2473.955 -669200; 190450 2507.869 -669200; 190450 2499.116 -664200; 182950 2466.059 -664200
19 8 1; 182950 2466.059 -664200; 190450 2499.116 -664200; 190450 2492.067 -659200; 182950 2457.895 -659200
19 9 1; 182950 2457.895 -659200; 190450 2492.067 -659200; 190450 2485.56 -654200; 182950 2450.775 -654200
19 10 1; 182950 2450.775 -654200; 190450 2485.56 -654200; 190450 2465.94 -649200; 182950 2445.62 -649200
19 11 1; 182950 2445.62 -649200; 190450 2465.94 -649200; 190450 2442.564 -644200; 182950 2420.851 -644200
19 12 1; 182950 2402.273 -644200; 190450 2401.74 -644200; 190450 2403.828 -639200; 182950 2348.981 -639200
19 13 1; 182950 2348.981 -639200; 190450 2403.828 -639200; 190450 2406.176 -634200; 182950 2351.595 -634200
19 14 1; 182950 2351.595 -634200; 190450 2406.176 -634200; 190450 2405.847 -629200; 182950 2386.287 -629200
19 15 1; 182950 2344.575 -629200; 190450 2366.878 -629200; 190450 2410.394 -624200; 182950 2358.906 -624200
19 16 1; 182950 2358.906 -624200; 190450 2410.394 -624200; 190450 2433.156 -619200; 182950 2373.951 -619200
19 17 1; 182950 2373.951 -619200; 190450 2433.156 -619200; 190450 2455.384 -614200; 182950 2396.177 -614200
19 18 1; 182950 2396.177 -614200; 190450 2455.384 -614200; 190450 2485.377 -609200; 182950 2429.745 -609200
19 19 1; 182950 2429.745 -609200; 190450 2485.377 -609200; 190450 2505.941 -604200; 182950 2462.67 -604200
